rmse: 35492.26402102997
mse: 1259700805.3384988
mae: 9598.265324326643
r2: 0.7881477334528681
